# name: Measure1
# type: matrix
# rows: 300
# columns: 10
 88.0 24.0 0.0 0.0 0.0 0.0 12 28 18 096
 88.0 24.0 0.0 0.0 0.0 0.0 12 28 19 140
 88.0 24.0 0.0 0.0 0.0 0.0 12 28 20 166
 88.0 24.0 0.0 0.0 0.0 0.0 12 28 21 192
 88.0 24.0 0.0 0.0 0.0 0.0 12 28 22 240
