# name: h1
# type: matrix
# rows: 300
# columns: 10
 26.0 26.0 3.0 0.0 0.0 0.0 06 15 52 216
 27.0 26.0 6.0 0.0 0.0 0.0 06 15 53 257
 27.0 26.0 6.0 0.0 0.0 0.0 06 15 54 283
 27.0 26.0 6.0 0.0 0.0 0.0 06 15 55 309
 27.0 26.0 6.0 0.0 0.0 0.0 06 15 56 335
 27.0 26.0 7.0 0.0 0.0 0.0 06 15 57 361
 27.0 25.0 7.0 0.0 0.0 0.0 06 15 58 387
 27.0 26.0 7.0 0.0 0.0 0.0 06 15 59 412
 27.0 25.0 7.0 0.0 0.0 0.0 06 16 00 438
 27.0 25.0 8.0 0.0 0.0 0.0 06 16 01 464
 26.0 25.0 7.0 0.0 0.0 0.0 06 16 02 490
 27.0 26.0 8.0 0.0 0.0 0.0 06 16 03 516
 27.0 26.0 8.0 0.0 0.0 0.0 06 16 04 542
 27.0 26.0 8.0 0.0 0.0 0.0 06 16 05 569
 27.0 26.0 9.0 0.0 0.0 0.0 06 16 06 595
 27.0 26.0 9.0 0.0 0.0 0.0 06 16 07 621
 27.0 26.0 9.0 0.0 0.0 0.0 06 16 08 647
 27.0 26.0 9.0 0.0 0.0 0.0 06 16 09 673
 27.0 26.0 9.0 0.0 0.0 0.0 06 16 10 699
 27.0 26.0 9.0 0.0 0.0 0.0 06 16 11 725
 27.0 26.0 10.0 0.0 0.0 0.0 06 16 12 750
 27.0 26.0 10.0 0.0 0.0 0.0 06 16 13 776
 27.0 26.0 10.0 0.0 0.0 0.0 06 16 14 802
 27.0 26.0 10.0 0.0 0.0 0.0 06 16 15 828
 27.0 26.0 10.0 0.0 0.0 0.0 06 16 16 854
 27.0 26.0 10.0 0.0 0.0 0.0 06 16 17 880
 27.0 26.0 10.0 0.0 0.0 0.0 06 16 18 906
 27.0 26.0 10.0 0.0 0.0 0.0 06 16 19 933
 27.0 26.0 10.0 0.0 0.0 0.0 06 16 20 959
 27.0 26.0 11.0 0.0 0.0 0.0 06 16 21 985
 27.0 26.0 11.0 0.0 0.0 0.0 06 16 23 012
 27.0 26.0 11.0 0.0 0.0 0.0 06 16 24 038
 27.0 26.0 11.0 0.0 0.0 0.0 06 16 25 063
 27.0 26.0 11.0 0.0 0.0 0.0 06 16 26 089
 27.0 26.0 11.0 0.0 0.0 0.0 06 16 27 115
 27.0 26.0 11.0 0.0 0.0 0.0 06 16 28 141
 27.0 26.0 11.0 0.0 0.0 0.0 06 16 29 166
 27.0 26.0 11.0 0.0 0.0 0.0 06 16 30 192
 27.0 26.0 12.0 0.0 0.0 0.0 06 16 31 218
 27.0 26.0 12.0 0.0 0.0 0.0 06 16 32 244
 27.0 26.0 12.0 0.0 0.0 0.0 06 16 33 271
 27.0 26.0 12.0 0.0 0.0 0.0 06 16 34 296
 27.0 26.0 12.0 0.0 0.0 0.0 06 16 35 323
 27.0 26.0 12.0 0.0 0.0 0.0 06 16 36 348
 27.0 26.0 12.0 0.0 0.0 0.0 06 16 37 374
 27.0 26.0 13.0 0.0 0.0 0.0 06 16 38 400
 27.0 26.0 13.0 0.0 0.0 0.0 06 16 39 426
 27.0 26.0 13.0 0.0 0.0 0.0 06 16 40 452
 27.0 26.0 13.0 0.0 0.0 0.0 06 16 41 478
 27.0 26.0 13.0 0.0 0.0 0.0 06 16 42 504
 27.0 26.0 13.0 0.0 0.0 0.0 06 16 43 530
 27.0 26.0 13.0 0.0 0.0 0.0 06 16 44 556
 27.0 26.0 14.0 0.0 0.0 0.0 06 16 45 581
 27.0 26.0 14.0 0.0 0.0 0.0 06 16 46 607
 27.0 26.0 14.0 0.0 0.0 0.0 06 16 47 633
 27.0 26.0 14.0 0.0 0.0 0.0 06 16 48 659
 27.0 26.0 14.0 0.0 0.0 0.0 06 16 49 685
 27.0 26.0 14.0 0.0 0.0 0.0 06 16 50 711
 27.0 26.0 14.0 0.0 0.0 0.0 06 16 51 737
 27.0 26.0 15.0 0.0 0.0 0.0 06 16 52 763
 27.0 26.0 15.0 0.0 0.0 0.0 06 16 53 789
 27.0 26.0 15.0 0.0 0.0 0.0 06 16 54 815
 27.0 26.0 15.0 0.0 0.0 0.0 06 16 55 840
 27.0 26.0 15.0 0.0 0.0 0.0 06 16 56 866
 27.0 26.0 15.0 0.0 0.0 0.0 06 16 57 892
 27.0 26.0 16.0 0.0 0.0 0.0 06 16 58 918
 27.0 26.0 16.0 0.0 0.0 0.0 06 16 59 944
 26.0 26.0 15.0 0.0 0.0 0.0 06 17 00 970
 27.0 26.0 16.0 0.0 0.0 0.0 06 17 01 999
 27.0 26.0 16.0 0.0 0.0 0.0 06 17 03 043
 27.0 26.0 16.0 0.0 0.0 0.0 06 17 04 071
 27.0 26.0 16.0 0.0 0.0 0.0 06 17 05 097
 27.0 26.0 17.0 0.0 0.0 0.0 06 17 06 123
 27.0 26.0 17.0 0.0 0.0 0.0 06 17 07 149
 27.0 26.0 17.0 0.0 0.0 0.0 06 17 08 175
 27.0 26.0 17.0 0.0 0.0 0.0 06 17 09 201
 27.0 26.0 17.0 0.0 0.0 0.0 06 17 10 227
 27.0 26.0 18.0 0.0 0.0 0.0 06 17 11 254
 26.0 26.0 17.0 0.0 0.0 0.0 06 17 12 279
 27.0 26.0 18.0 0.0 0.0 0.0 06 17 13 305
 27.0 26.0 18.0 0.0 0.0 0.0 06 17 14 331
 27.0 26.0 18.0 0.0 0.0 0.0 06 17 15 357
 27.0 26.0 19.0 0.0 0.0 0.0 06 17 16 382
 27.0 26.0 19.0 0.0 0.0 0.0 06 17 17 410
 27.0 26.0 19.0 0.0 0.0 0.0 06 17 18 435
 27.0 26.0 19.0 0.0 0.0 0.0 06 17 19 461
 27.0 26.0 19.0 0.0 0.0 0.0 06 17 20 486
 27.0 26.0 19.0 0.0 0.0 0.0 06 17 21 513
 27.0 26.0 20.0 0.0 0.0 0.0 06 17 22 539
 27.0 26.0 20.0 0.0 0.0 0.0 06 17 23 564
 26.0 26.0 19.0 0.0 0.0 0.0 06 17 24 591
 27.0 26.0 20.0 0.0 0.0 0.0 06 17 25 618
 27.0 26.0 20.0 0.0 0.0 0.0 06 17 26 642
 27.0 26.0 20.0 0.0 0.0 0.0 06 17 27 668
 27.0 26.0 20.0 0.0 0.0 0.0 06 17 28 695
 27.0 26.0 20.0 0.0 0.0 0.0 06 17 29 721
 27.0 26.0 21.0 0.0 0.0 0.0 06 17 30 747
 27.0 26.0 21.0 0.0 0.0 0.0 06 17 31 773
 27.0 26.0 21.0 0.0 0.0 0.0 06 17 32 800
 27.0 26.0 21.0 0.0 0.0 0.0 06 17 33 826
 27.0 26.0 21.0 0.0 0.0 0.0 06 17 34 852
 27.0 26.0 21.0 0.0 0.0 0.0 06 17 35 877
 27.0 26.0 22.0 0.0 0.0 0.0 06 17 36 903
 27.0 26.0 22.0 0.0 0.0 0.0 06 17 37 929
 27.0 26.0 22.0 0.0 0.0 0.0 06 17 38 955
 26.0 25.0 21.0 0.0 0.0 0.0 06 17 39 981
 27.0 25.0 23.0 0.0 0.0 0.0 06 17 41 006
 27.0 25.0 23.0 0.0 0.0 0.0 06 17 42 032
 27.0 25.0 23.0 0.0 0.0 0.0 06 17 43 058
 27.0 25.0 24.0 0.0 0.0 0.0 06 17 44 084
 27.0 25.0 24.0 0.0 0.0 0.0 06 17 45 109
 27.0 25.0 24.0 0.0 0.0 0.0 06 17 46 135
 27.0 26.0 24.0 0.0 0.0 0.0 06 17 47 162
 27.0 25.0 25.0 0.0 0.0 0.0 06 17 48 187
 27.0 25.0 25.0 0.0 0.0 0.0 06 17 49 212
 27.0 25.0 25.0 0.0 0.0 0.0 06 17 50 238
 27.0 25.0 25.0 0.0 0.0 0.0 06 17 51 264
 27.0 25.0 26.0 0.0 0.0 0.0 06 17 52 290
 27.0 25.0 26.0 0.0 0.0 0.0 06 17 53 316
 27.0 25.0 26.0 0.0 0.0 0.0 06 17 54 342
 27.0 25.0 27.0 0.0 0.0 0.0 06 17 55 389
 27.0 25.0 27.0 0.0 0.0 0.0 06 17 56 415
 27.0 25.0 27.0 0.0 0.0 0.0 06 17 57 440
 27.0 25.0 28.0 0.0 0.0 0.0 06 17 58 466
 27.0 25.0 28.0 0.0 0.0 0.0 06 17 59 491
 27.0 25.0 28.0 0.0 0.0 0.0 06 18 00 517
 27.0 25.0 29.0 0.0 0.0 0.0 06 18 01 542
 27.0 25.0 29.0 0.0 0.0 0.0 06 18 02 588
 27.0 25.0 30.0 0.0 0.0 0.0 06 18 03 614
 27.0 25.0 30.0 0.0 0.0 0.0 06 18 04 640
 27.0 25.0 30.0 0.0 0.0 0.0 06 18 05 665
 27.0 25.0 31.0 0.0 0.0 0.0 06 18 06 691
 27.0 25.0 31.0 0.0 0.0 0.0 06 18 07 716
 27.0 26.0 31.0 0.0 0.0 0.0 06 18 08 741
 27.0 26.0 31.0 0.0 0.0 0.0 06 18 09 767
 27.0 26.0 31.0 0.0 0.0 0.0 06 18 10 793
 27.0 26.0 31.0 0.0 0.0 0.0 06 18 11 819
 27.0 26.0 31.0 0.0 0.0 0.0 06 18 12 845
 27.0 26.0 31.0 0.0 0.0 0.0 06 18 13 871
 27.0 26.0 31.0 0.0 0.0 0.0 06 18 14 896
 27.0 26.0 31.0 0.0 0.0 0.0 06 18 15 934
 27.0 26.0 31.0 0.0 0.0 0.0 06 18 16 969
 27.0 26.0 31.0 0.0 0.0 0.0 06 18 17 999
 27.0 26.0 31.0 0.0 0.0 0.0 06 18 19 025
 27.0 26.0 31.0 0.0 0.0 0.0 06 18 20 060
 27.0 26.0 31.0 0.0 0.0 0.0 06 18 21 096
 27.0 26.0 31.0 0.0 0.0 0.0 06 18 22 132
 27.0 26.0 32.0 0.0 0.0 0.0 06 18 23 167
 27.0 27.0 32.0 0.0 0.0 0.0 06 18 24 203
 27.0 27.0 32.0 0.0 0.0 0.0 06 18 25 239
 27.0 26.0 32.0 0.0 0.0 0.0 06 18 26 275
 27.0 26.0 32.0 0.0 0.0 0.0 06 18 27 312
 27.0 26.0 32.0 0.0 0.0 0.0 06 18 28 346
 27.0 26.0 32.0 0.0 0.0 0.0 06 18 29 382
 27.0 27.0 32.0 0.0 0.0 0.0 06 18 30 419
 26.0 26.0 31.0 0.0 0.0 0.0 06 18 31 457
 26.0 26.0 31.0 0.0 0.0 0.0 06 18 32 484
 27.0 26.0 32.0 0.0 0.0 0.0 06 18 33 510
 27.0 26.0 32.0 0.0 0.0 0.0 06 18 34 536
 27.0 26.0 32.0 0.0 0.0 0.0 06 18 35 563
 27.0 26.0 32.0 0.0 0.0 0.0 06 18 36 588
 27.0 26.0 32.0 0.0 0.0 0.0 06 18 37 616
 27.0 26.0 32.0 0.0 0.0 0.0 06 18 38 642
 27.0 26.0 32.0 0.0 0.0 0.0 06 18 39 668
 27.0 26.0 33.0 0.0 0.0 0.0 06 18 40 694
 27.0 26.0 33.0 0.0 0.0 0.0 06 18 41 720
 27.0 26.0 33.0 0.0 0.0 0.0 06 18 42 746
 27.0 26.0 33.0 0.0 0.0 0.0 06 18 43 773
 27.0 26.0 33.0 0.0 0.0 0.0 06 18 44 799
 27.0 26.0 33.0 0.0 0.0 0.0 06 18 45 824
 27.0 26.0 33.0 0.0 0.0 0.0 06 18 46 850
 27.0 26.0 34.0 0.0 0.0 0.0 06 18 47 877
 27.0 26.0 34.0 0.0 0.0 0.0 06 18 48 903
 27.0 26.0 34.0 0.0 0.0 0.0 06 18 49 930
 27.0 26.0 34.0 0.0 0.0 0.0 06 18 50 956
 27.0 26.0 34.0 0.0 0.0 0.0 06 18 51 983
 27.0 26.0 34.0 0.0 0.0 0.0 06 18 53 010
 27.0 26.0 35.0 0.0 0.0 0.0 06 18 54 036
 27.0 26.0 35.0 0.0 0.0 0.0 06 18 55 062
 27.0 26.0 35.0 0.0 0.0 0.0 06 18 56 089
 27.0 26.0 35.0 0.0 0.0 0.0 06 18 57 115
 27.0 26.0 35.0 0.0 0.0 0.0 06 18 58 141
 27.0 26.0 36.0 0.0 0.0 0.0 06 18 59 168
 27.0 26.0 36.0 0.0 0.0 0.0 06 19 00 195
 27.0 26.0 36.0 0.0 0.0 0.0 06 19 01 222
 27.0 25.0 36.0 0.0 0.0 0.0 06 19 02 248
 27.0 26.0 36.0 0.0 0.0 0.0 06 19 03 274
 27.0 26.0 37.0 0.0 0.0 0.0 06 19 04 300
 26.0 26.0 36.0 0.0 0.0 0.0 06 19 05 325
 27.0 26.0 37.0 0.0 0.0 0.0 06 19 06 351
 27.0 26.0 37.0 0.0 0.0 0.0 06 19 07 377
 27.0 25.0 38.0 0.0 0.0 0.0 06 19 08 403
 27.0 26.0 38.0 0.0 0.0 0.0 06 19 09 428
 27.0 25.0 38.0 0.0 0.0 0.0 06 19 10 454
